  File: sort-m3u.pl
  Size: 565       	Blocks: 8          IO Block: 4096   regular file
Device: 10302h/66306d	Inode: 20603196    Links: 1
Access: (0775/-rwxrwxr-x)  Uid: ( 1000/christopher)   Gid: ( 1000/christopher)
Access: 2025-05-14 21:24:41.662703424 -0600
Modify: 2025-05-14 21:46:35.279562269 -0600
Change: 2025-05-14 22:11:08.964038267 -0600
 Birth: 2025-05-14 22:11:08.964038267 -0600
