  File: sort-m3u
  Size: 84        	Blocks: 8          IO Block: 4096   regular file
Device: 10302h/66306d	Inode: 20610267    Links: 1
Access: (0775/-rwxrwxr-x)  Uid: ( 1000/christopher)   Gid: ( 1000/christopher)
Access: 2024-11-12 18:48:00.838029717 -0700
Modify: 2024-11-12 18:48:00.838029717 -0700
Change: 2024-11-12 18:48:00.854029665 -0700
 Birth: 2024-11-12 18:48:00.838029717 -0700
